1566 -1 555 canon 0.119366
1567 -1 555 set 0.173303
1568 -1 555 set 0.405771
1569 -1 555 set 0.5228
1570 -1 555 set 0.262563
1571 -1 555 set 0.098592
1572 -1 555 set 0.173303
1573 -1 555 user 0.119366
1574 -1 555 user 0.306288
1575 -1 555 user 0.414646
1576 -1 555 user 0.187133
1577 -1 555 user 0.066049
1578 -1 555 user 0.119366
1579 -1 555 user 0.414646
1580 -1 555 edg 0.173303
1581 -1 555 edg 0.262563
1582 -1 555 edg 0.173303
1583 -1 555 edg 0.915235
1584 -1 557 pic 0.023901
1586 -1 557 box 0.015585
1587 -1 557 box 0.119366
1588 -1 559 lit 0.414646
1589 -1 559 lit 0.103567
1590 -1 559 g2 0.414646
1592 -1 559 camera 0.414646
1593 -1 559 camera 0.59049
1594 -1 561 g2 0.158536
1595 -1 561 g2 0.196107
1596 -1 561 g2 0.015585
1597 -1 561 g2 0.187133
1598 -1 561 g2 0.306288
1599 -1 561 g2 0.199702
1600 -1 561 term 0.225638
1601 -1 561 term 0.273935
1602 -1 561 term 0.023901
1603 -1 561 term 0.262563
1604 -1 561 term 0.405771
1605 -1 561 term 0.278463
1606 -1 561 color 0.225638
1607 -1 561 color 0.273935
1608 -1 561 color 0.023901
1609 -1 561 color 0.262563
1610 -1 561 color 0.405771
1611 -1 561 color 0.278463
1612 -1 563 g3 0.187133
1613 -1 563 g3 0.187133
1614 -1 563 g3 0.652118
1615 -1 563 g3 0.414646
1616 -1 563 g3 0.187133
1617 -1 563 imag 0.075323
1618 -1 563 imag 0.187133
1620 -1 563 imag 0.414646
1621 -1 563 imag 0.187133
1622 -1 563 digicam 0.187745
1623 -1 563 digicam 0.262563
1624 -1 563 digicam 0.743534
1625 -1 563 digicam 0.5228
1626 -1 563 digicam 0.262563
1627 -1 563 detail 0.187133
1628 -1 563 detail 0.075323
1629 -1 563 detail 0.652118
1630 -1 563 detail 0.414646
1631 -1 563 detail 0.187133
1632 -1 563 view 0.187133
1633 -1 563 view 0.517808
1634 -1 563 view 0.652118
1635 -1 563 view 0.414646
1636 -1 563 view 0.187133
1637 -1 563 pixel 0.187133
1638 -1 563 pixel 0.187133
1639 -1 563 pixel 0.652118
1640 -1 563 pixel 0.414646
1641 -1 563 pixel 0.187133
1642 -1 565 imag 0.59863
1644 -1 565 g3 0.899679
1648 -1 573 g2 0.613392
1649 -1 577 g3 0.047658
1650 -1 577 g3 0.187133
1651 -1 577 g3 0.414646
1652 -1 577 pictur 0.047658
1653 -1 577 pictur 0.187133
1654 -1 577 pictur 0.414646
1655 -1 577 shutter 0.047658
1656 -1 577 shutter 0.047658
1658 -1 583 camera 0.881685
1659 -1 583 camera 0.881685
1660 -1 591 focu 0.490927
1661 -1 591 focu 0.103567
1662 -1 591 focu 0.103567
1663 -1 591 camera 0.335898
1664 -1 591 camera 0.103567
1665 -1 591 camera 0.103567
1666 -1 593 camera 0.915235
1670 -1 595 optic 0.071837
1674 -1 595 optic 0.062503
1676 -1 595 zoom 0.414646
1677 -1 595 zoom 0.3437
1678 -1 595 zoom 0.047658
1679 -1 595 zoom 0.414646
1682 -1 595 pictur 0.071837
1686 -1 597 drawback 0.278463
1687 -1 597 photograph 0.335898
1688 -1 597 photograph 0.134869
1689 -1 597 photograph 0.199702
1690 -1 597 screen 0.490927
1691 -1 597 screen 0.134869
1692 -1 597 screen 0.199702
1693 -1 597 photo 0.59863
1694 -1 597 photo 0.194267
1695 -1 597 photo 0.278463
1696 -1 597 format 0.490927
1697 -1 597 format 0.134869
1698 -1 597 format 0.199702
1699 -1 597 lcd 0.562315
1700 -1 597 lcd 0.171971
1701 -1 597 lcd 0.249497
1702 -1 599 camera 0.881685
1703 -1 599 bodi 0.414646
1705 -1 599 metal 0.414646
1706 -1 601 photo 0.881685
1707 -1 601 photo 0.047658
1708 -1 601 photo 0.490927
1709 -1 601 photo 0.414646
1710 -1 601 photo 0.103567
1714 -1 617 photo 0.466069
1715 -1 617 detail 0.414646
1716 -1 617 detail 0.047658
1717 -1 617 detail 0.360778
1718 -1 617 detail 0.103567
1719 -1 617 detail 0.103567
1720 -1 617 detail 0.414646
1721 -1 617 zoom 0.414646
1722 -1 617 zoom 0.047658
1723 -1 617 optic 0.485521
1724 -1 617 optic 0.062503
1725 -1 617 camera 0.071837
1726 -1 617 camera 0.466069
1727 -1 617 camera 0.151594
1728 -1 617 camera 0.151594
1729 -1 617 camera 0.5228
1730 -1 617 screen 0.360778
1731 -1 617 screen 0.103567
1732 -1 617 screen 0.103567
1733 -1 617 screen 0.414646
1736 -1 617 screen 0.119366
1737 -1 617 lcd 0.429197
1738 -1 617 lcd 0.133386
1739 -1 617 lcd 0.133386
1740 -1 617 lcd 0.485521
1743 -1 617 lcd 0.152957
1744 -1 617 lot 0.103567
1745 -1 617 lot 0.103567
1746 -1 617 lot 0.414646
1747 -1 617 lot 0.414646
1748 -1 617 lot 0.119366
1749 -1 617 softwar 0.103567
1750 -1 617 softwar 0.103567
1753 -1 617 softwar 0.119366
1754 -1 617 fianc 0.103567
1755 -1 617 fianc 0.414646
1756 -1 617 fianc 0.180602
1757 -1 617 fianc 0.196107
1758 -1 617 fianc 0.047658
1759 -1 617 fianc 0.187133
1760 -1 617 featur 0.151594
1761 -1 617 featur 0.5228
1762 -1 617 featur 0.5228
1763 -1 617 featur 0.173303
1764 -1 617 option 0.5228
1765 -1 617 option 0.5228
1766 -1 617 option 0.173303
1767 -1 629 camera 0.881685
1768 1 629 g3 0.766648
1769 1 629 powershot 0.414646
1770 -1 633 photograph 0.103567
1771 -1 633 photograph 0.414646
1772 -1 633 photo 0.151594
1773 1 633 photo 0.915235
1774 1 635 pixel 0.691709
1775 -1 635 pixel 0.173303
1776 -1 635 pixel 0.071837
1777 -1 635 result 0.235179
1778 -1 635 result 0.153307
1779 -1 635 result 0.071837
1780 -1 635 camera 0.165847
1781 1 635 camera 0.119366
1782 -1 635 camera 0.047658
1783 1 639 card 0.490927
1784 1 639 card 0.165847
1785 -1 639 card 0.187133
1786 1 639 card 0.952661
1787 1 639 card 0.199025
1788 -1 639 card 0.262563
1789 -1 639 compactflash 0.490927
1790 -1 639 compactflash 0.165847
1791 -1 639 photo 0.59863
1792 -1 639 photo 0.235179
1793 -1 639 photo 0.262563
1794 -1 643 catch 0.187133
1795 -1 643 catch 0.103567
1796 -1 643 catch 0.414646
1797 -1 643 camera 0.187133
1798 -1 643 camera 0.103567
1799 -1 643 camera 0.414646
1800 -1 643 canon 0.187133
1801 -1 643 canon 0.103567
1802 -1 643 g3 0.234713
1803 -1 643 g3 0.133386
1804 -1 643 shot 0.262563
1805 -1 643 shot 0.133189
1806 -1 643 shot 0.915235
1807 -1 643 camera 0.262563
1808 -1 643 camera 0.151594
1809 -1 655 camera 0.881685
1810 -1 655 camera 0.187133
1811 1 655 g3 0.414646
1812 -1 655 g3 0.663219
1813 -1 725 camera 0.881685
1814 1 725 camera 0.37542
1815 -1 725 digit 0.85666
1816 1 725 digit 0.444683
1817 -1 729 love 0.187133
1818 -1 729 pictur 0.187745
1819 1 733 pictur 0.70355
1820 -1 733 pictur 0.5228
1821 -1 733 rebel 0.306288
1822 -1 733 rebel 0.414646
1823 -1 733 ti 0.405771
1824 -1 733 ti 0.5228
1825 -1 733 len 0.306288
1826 -1 733 len 0.881685
1827 -1 739 camera 0.823046
1828 1 739 g3 0.823046
1829 1 739 canon 0.652118
1830 -1 745 love 0.414646
1831 -1 745 eo 0.5228
1832 -1 745 control 0.5228
1833 1 745 menu 0.915235
1834 1 755 cap 0.934547
1835 -1 755 camera 0.490927
1836 1 755 len 0.91325
1837 1 765 g2 0.37542
1838 -1 765 g2 0.187133
1839 1 769 camera 0.59049
1840 -1 773 canon 0.180602
1841 1 773 canon 0.180602
1842 -1 773 powershot 0.180602
1843 1 773 powershot 0.180602
1844 -1 787 trip 0.180602
1845 -1 787 trip 0.015585
1846 -1 787 trip 0.414646
1847 -1 787 perform 0.180602
1848 -1 787 perform 0.015585
1849 1 787 perform 0.881685
1850 -1 789 mode 0.490927
1851 -1 789 mode 0.118447
1852 -1 789 mode 0.414646
1853 -1 789 featur 0.59863
1854 -1 789 featur 0.254223
1855 1 789 featur 0.915235
1856 -1 789 auto 0.490927
1857 -1 789 auto 0.180602
1858 1 791 camera 0.094133
1859 -1 793 note 0.490927
1860 -1 793 note 0.187133
1861 1 793 batteri 0.91325
1862 -1 793 batteri 0.075323
1863 1 807 camera 0.490927
1864 -1 809 week 0.196107
1865 -1 809 week 0.490927
1866 -1 809 camera 0.196107
1867 1 809 camera 0.490927
1868 -1 815 plu 0.766648
1869 1 815 menu 0.915235
1870 -1 815 camera 0.414646
1871 -1 819 batteri 0.066049
1872 -1 819 batteri 0.066049
1873 -1 819 g3 0.066049
1874 -1 819 camcord 0.066049
1875 -1 819 pictur 0.098592
1876 -1 819 dai 0.066049
1877 -1 819 charg 0.104353
1878 1 823 zoom 0.934547
1879 -1 823 zoom 0.047658
1880 1 823 optic 0.887211
1881 -1 823 optic 0.062503
1882 -1 823 viewfind 0.490927
1883 -1 823 viewfind 0.047658
1884 1 823 zoom 0.490927
1885 -1 823 zoom 0.038188
1886 -1 825 flaw 0.414646
1887 -1 825 flaw 0.103567
1888 -1 825 camera 0.414646
1889 -1 825 camera 0.103567
1890 -1 825 len 0.414646
1891 -1 825 len 0.103567
1892 -1 825 viewfind 0.414646
1893 -1 825 viewfind 0.103567
1894 -1 825 imag 0.414646
1895 -1 825 imag 0.103567
1896 1 831 optic 0.714067
1897 -1 831 optic 0.133386
1898 -1 831 optic 0.562315
1899 -1 831 optic 0.562315
1900 -1 831 optic 0.311567
1901 1 831 zoom 0.652118
1902 -1 831 zoom 0.103567
1903 -1 831 zoom 0.490927
1904 -1 831 zoom 0.490927
1905 -1 831 zoom 0.25357
1906 1 831 camera 0.652118
1907 -1 831 camera 0.103567
1908 -1 831 camera 0.910274
1909 -1 831 camera 0.41621
1910 -1 831 camera 0.25357
1911 -1 841 g3 0.490927
1912 -1 841 g3 0.25357
1913 1 841 g2 0.335898
1914 -1 841 g2 0.218399
1915 1 843 camera 0.934547
1916 -1 847 g3 0.128336
1917 -1 847 g3 0.681617
1918 -1 847 art 0.015585
1919 -1 847 art 0.517808
1920 1 849 finish 0.934547
1921 -1 849 finish 0.174471
1922 -1 849 finish 0.047658
1923 -1 849 finish 0.414646
1924 1 849 silver 0.91325
1925 -1 849 silver 0.196107
1926 -1 849 silver 0.047658
1927 -1 849 silver 0.414646
1928 -1 849 sharp 0.562315
1929 -1 849 sharp 0.24528
1930 -1 849 sharp 0.396525
1931 -1 849 sharp 0.485521
1932 -1 849 grip 0.490927
1933 -1 849 grip 0.196107
1934 -1 849 grip 0.036711
1935 1 849 grip 0.881685
1936 -1 849 camera 0.490927
1937 -1 849 camera 0.196107
1938 -1 849 camera 0.047658
1939 -1 849 camera 0.414646
1940 -1 851 camera 0.915235
1941 -1 851 camera 0.5228
1942 -1 851 camera 0.254223
1943 1 851 elph 0.5228
1944 -1 851 elph 0.915235
1945 -1 851 elph 0.254223
1946 1 851 digit 0.485521
1947 -1 851 digit 0.389557
1948 -1 851 digit 0.226985
1949 -1 851 g3 0.414646
1950 -1 851 g3 0.414646
1951 -1 851 g3 0.180602
1952 1 893 camera 0.335898
1953 -1 895 manual 0.490927
1954 1 895 manual 0.199702
1955 1 895 curv 0.934547
1956 -1 895 curv 0.199702
1957 1 895 learn 0.91325
1958 -1 895 learn 0.199702
1959 1 901 camera 0.823046
1960 -1 901 camera 0.187133
1961 -1 901 camera 0.187133
1962 1 901 function 0.652118
1963 -1 901 function 0.075323
1964 -1 901 function 0.143944
1965 1 901 imag 0.652118
1966 -1 901 imag 0.187133
1967 -1 901 imag 0.163161
1968 -1 903 camera 0.158536
1969 -1 903 camera 0.414646
1970 -1 903 camera 0.187133
1971 -1 903 stitch 0.158536
1972 1 903 stitch 0.414646
1973 -1 903 stitch 0.187133
1974 -1 903 pictur 0.225638
1975 1 903 pictur 0.5228
1976 -1 903 pictur 0.262563
1977 -1 903 websit 0.158536
1978 -1 903 websit 0.414646
1979 -1 903 websit 0.187133
1980 -1 903 canon 0.158536
1981 -1 903 canon 0.414646
1982 -1 903 canon 0.187133
1983 -1 913 pic 0.173651
1984 -1 913 pic 0.196107
1985 1 913 pic 0.261648
1986 -1 913 camera 0.196107
1987 -1 913 camera 0.196107
1988 -1 913 camera 0.306288
1989 -1 913 film 0.196107
1990 -1 913 film 0.306288
1991 -1 923 technologi 0.37542
1992 -1 923 technologi 0.187133
1993 -1 923 folk 0.481763
1994 -1 923 folk 0.262563
1995 -1 923 photo 0.37542
1996 -1 923 photo 0.075323
1997 1 931 camera 0.047658
1998 -1 931 camera 0.103567
1999 -1 931 camera 0.187133
2000 -1 931 none 0.031465
2001 -1 931 none 0.103567
2002 -1 931 none 0.187133
2003 1 945 camera 0.881685
2004 -1 947 lot 0.180602
2005 -1 947 lot 0.517808
2006 -1 947 lot 0.652118
2007 -1 947 camera 0.180602
2008 -1 947 camera 0.187133
2009 1 947 camera 0.823046
2010 -1 947 camera 0.254223
2011 -1 947 camera 0.262563
2012 -1 947 digit 0.226985
2013 -1 947 digit 0.234713
2014 1 947 digit 0.714067
2015 -1 951 choic 0.881685
2016 -1 951 budget 0.414646
2017 -1 951 camera 0.766648
2018 -1 953 design 0.911136
2019 -1 953 design 0.490927
2020 -1 953 design 0.103567
2021 1 953 design 0.881685
2022 -1 953 design 0.047658
2023 -1 953 durat 0.40916
2024 1 953 durat 0.934547
2025 -1 953 durat 0.103567
2026 -1 953 durat 0.414646
2027 -1 953 durat 0.047658
2028 -1 953 lot 0.517148
2029 -1 953 lot 0.59863
2030 -1 953 lot 0.151594
2031 -1 953 lot 0.428378
2032 -1 953 lot 0.066886
2033 -1 953 batteri 0.40916
2034 1 953 batteri 0.91325
2035 -1 953 batteri 0.103567
2036 -1 953 batteri 0.414646
2037 -1 955 displai 0.103567
2038 -1 955 displai 0.187133
2039 -1 955 position 0.151594
2040 -1 955 position 0.262563
2041 -1 959 card 0.25357
2042 -1 959 card 0.414646
2043 1 959 card 0.881685
2044 -1 959 purpos 0.344432
2045 -1 959 purpos 0.5228
2046 -1 959 purpos 0.5228
2047 -1 959 compactflash 0.25357
2048 -1 959 compactflash 0.414646
2049 1 959 compactflash 0.656639
2050 -1 963 camera 0.414646
2051 -1 963 camera 0.187133
2052 -1 963 camera 0.306288
2053 -1 963 dark 0.485521
2054 -1 963 dark 0.234713
2055 -1 963 dark 0.37036
2056 1 971 product 0.881685
2057 -1 979 control 0.59863
2058 -1 979 control 0.344432
2059 -1 979 control 0.151594
2060 1 979 control 0.278463
2061 -1 979 control 0.236392
2062 -1 983 hand 0.5228
2063 -1 983 hand 0.262563
2064 -1 983 result 0.915235
2065 -1 983 result 0.262563
2066 1 983 mode 0.414646
2067 -1 983 mode 0.163161
2068 1 983 program 0.414646
2069 -1 983 program 0.187133
2070 1 983 auto 0.414646
2071 -1 983 auto 0.187133
2072 1 987 photo 0.481763
2073 -1 987 slr 0.37542
2074 -1 987 result 0.481763
2075 -1 987 nikon 0.37542
2076 -1 987 rang 0.37542
2077 -1 987 lens 0.481763
2078 -1 989 plu 0.015585
2079 -1 989 plu 0.414646
2080 -1 989 digit 0.020657
2081 -1 989 digit 0.485521
2082 -1 989 screen 0.015585
2083 1 989 screen 0.881685
2084 -1 989 g3 0.015585
2085 -1 989 g3 0.3437
2086 1 1003 unit 0.787305
2087 -1 1003 unit 0.490927
2088 -1 1003 unit 0.414646
2089 -1 1003 unit 0.196107
2090 1 1003 zoom 0.490927
2091 -1 1003 zoom 0.490927
2092 -1 1003 zoom 0.414646
2093 1 1003 len 0.490927
2094 -1 1003 len 0.490927
2095 -1 1003 len 0.414646
2096 -1 1003 bag 0.490927
2097 -1 1003 bag 0.490927
2098 -1 1003 bag 0.881685
2099 -1 1003 bag 0.196107
2100 -1 1003 camera 0.490927
2101 -1 1003 camera 0.490927
2102 -1 1003 camera 0.656639
2103 -1 1003 lot 0.490927
2104 -1 1003 lot 0.196107
2105 1 1009 lever 0.490927
2106 1 1009 function 0.490927
2107 -1 1009 mode 0.490927
2108 -1 1009 captur 0.490927
2109 -1 1009 view 0.490927
2110 -1 1015 access 0.490927
2111 -1 1015 access 0.187133
2112 -1 1015 camera 0.490927
2113 -1 1015 camera 0.187133
2114 1 1021 function 0.934547
2115 -1 1021 camera 0.490927
2116 -1 1023 canon 0.490927
2117 -1 1023 canon 0.103567
2118 -1 1023 canon 0.119366
2119 -1 1023 canon 0.144552
2120 -1 1023 lot 0.490927
2121 -1 1023 lot 0.103567
2122 -1 1023 lot 0.119366
2123 -1 1023 lot 0.144552
2124 1 1023 option 0.952661
2125 -1 1023 option 0.105679
2126 -1 1023 option 0.173303
2127 1 1023 option 0.207193
2128 1 1023 control 0.59863
2129 -1 1023 control 0.151594
2130 -1 1023 control 0.173303
2131 1 1023 control 0.207193
2132 1 1027 qualiti 0.934547
2133 1 1027 imag 0.91325
2134 1 1031 g3 0.934547
2135 -1 1031 g3 0.196107
2136 -1 1033 rang 0.163161
2137 -1 1033 rang 0.414646
2138 -1 1033 function 0.262563
2139 1 1033 function 0.5228
2140 -1 1033 function 0.262563
2141 1 1033 function 0.915235
2142 -1 1033 photographi 0.187133
2143 -1 1041 camera 0.119366
2144 1 1041 camera 0.652118
2145 -1 1043 camera 0.119366
2146 -1 1043 camera 0.173651
2147 1 1043 camera 0.823046
2148 -1 1043 price 0.119366
2149 -1 1043 price 0.196107
2150 -1 1043 price 0.652118
2151 -1 1047 macro 0.013031
2152 1 1047 macro 0.787305
2153 -1 1047 macro 0.490927
2154 -1 1047 photograph 0.023901
2155 -1 1047 photograph 0.59863
2156 -1 1047 photograph 0.59863
2157 -1 1047 mode 0.015585
2158 -1 1047 mode 0.490927
2159 1 1047 mode 0.934547
2160 -1 1047 auto 0.015585
2161 -1 1047 auto 0.490927
2162 1 1047 auto 0.91325
2163 -1 1047 shoot 0.015585
2164 -1 1047 shoot 0.490927
2165 -1 1047 shoot 0.490927
2166 1 1049 camera 0.414646
2167 1 1051 camera 0.414646
2168 -1 1051 digicam 0.414646
2169 -1 1051 pixel 0.414646
2170 -1 1055 canon 0.414646
2171 -1 1055 canon 0.180602
2172 -1 1055 canon 0.414646
2173 1 1055 resolu 0.414646
2174 -1 1055 resolu 0.180602
2175 -1 1055 resolu 0.414646
2176 -1 1055 technologi 0.414646
2177 -1 1055 technologi 0.180602
2178 -1 1055 technologi 0.881685
2179 -1 1073 term 0.59863
2180 -1 1073 term 0.344432
2181 1 1073 camera 0.934547
2182 -1 1073 camera 0.25357
2183 -1 1073 shot 0.59863
2184 -1 1073 shot 0.344432
2185 1 1075 pictur 0.952661
2186 -1 1075 pictur 0.5228
2187 -1 1075 pictur 0.071837
2188 -1 1075 learn 0.613717
2189 -1 1075 learn 0.53854
2190 -1 1075 learn 0.076167
2191 -1 1075 ton 0.59863
2192 -1 1075 ton 0.5228
2193 -1 1075 ton 0.066886
2194 -1 1075 curv 0.490927
2195 -1 1075 curv 0.414646
2196 -1 1075 curv 0.047658
2197 1 1083 flash 0.934547
2198 -1 1083 flash 0.158536
2199 -1 1083 flash 0.187133
2200 -1 1083 flash 0.103567
2201 1 1083 compact 0.887211
2202 -1 1083 compact 0.200639
2203 -1 1083 compact 0.234713
2204 -1 1083 camera 0.490927
2205 -1 1083 camera 0.158536
2206 -1 1083 camera 0.187133
2207 -1 1083 camera 0.103567
2208 -1 1083 camera 0.066049
2209 -1 1083 cf 0.490927
2210 -1 1083 cf 0.158536
2211 -1 1083 cf 0.187133
2212 -1 1083 cf 0.103567
2213 -1 1083 cf 0.562315
2214 -1 1083 cf 0.200639
2215 -1 1083 cf 0.234713
2216 -1 1083 cf 0.133386
2217 -1 1083 cf 0.086104
2218 -1 1085 canon 0.109377
2219 -1 1085 g2 0.119366
2220 1 1085 g3 0.119366
2221 1 1089 qualiti 0.100778
2222 -1 1089 qualiti 0.128315
2223 -1 1089 qualiti 0.187133
2224 1 1089 pictur 0.119366
2225 -1 1089 pictur 0.187133
2226 -1 1089 pictur 0.187133
2227 -1 1089 snow 0.119366
2228 -1 1089 snow 0.187133
2229 -1 1089 snow 0.128315
2230 -1 1089 car 0.119366
2231 -1 1089 car 0.187133
2232 -1 1089 car 0.187133
2233 -1 1099 camera 0.776696
2234 1 1099 camera 0.187133
2235 1 1101 pictur 0.915235
2236 -1 1101 pictur 0.59863
2237 -1 1103 review 0.915235
2238 -1 1103 review 0.59863
2239 -1 1103 review 0.151594
2240 -1 1103 review 0.098592
2241 -1 1103 barrel 0.414646
2242 -1 1103 barrel 0.41621
2243 1 1103 barrel 0.103567
2244 -1 1103 barrel 0.066049
2245 -1 1103 barrel 0.16678
2246 -1 1103 barrel 0.306288
2247 -1 1103 len 0.490927
2248 1 1103 len 0.103567
2249 -1 1103 len 0.066049
2250 -1 1103 len 0.16678
2251 -1 1103 len 0.306288
2252 -1 1103 corner 0.490927
2253 -1 1103 corner 0.103567
2254 -1 1103 corner 0.066049
2255 -1 1103 corner 0.16678
2256 -1 1103 corner 0.306288
2257 1 1103 viewfind 0.934547
2258 -1 1103 viewfind 0.103567
2259 -1 1103 viewfind 0.066049
2260 -1 1103 viewfind 0.16678
2261 -1 1103 viewfind 0.306288
2262 1 1103 viewfind 0.490927
2263 -1 1103 viewfind 0.103567
2264 -1 1103 viewfind 0.066049
2265 -1 1103 viewfind 0.16678
2266 -1 1103 viewfind 0.306288
2267 1 1103 lcd 0.91325
2268 -1 1103 lcd 0.103567
2269 -1 1103 lcd 0.066049
2270 -1 1103 lcd 0.16678
2271 1 1103 viewfind 0.490927
2272 -1 1103 viewfind 0.103567
2273 -1 1103 viewfind 0.454184
2274 -1 1103 viewfind 0.16678
2275 -1 1103 len 0.490927
2276 1 1103 len 0.103567
2277 -1 1103 len 0.066049
2278 -1 1103 len 0.16678
2279 -1 1103 len 0.306288
2280 -1 1103 len 0.490927
2281 1 1103 len 0.103567
2282 -1 1103 len 0.062333
2283 -1 1137 flaw 0.075323
2284 -1 1139 camera 0.561313
2285 -1 1139 camera 0.187133
2286 1 1147 camera 0.490927
2287 1 1149 camera 0.59049
2288 -1 1149 camera 0.158536
2289 -1 1149 camera 0.196107
2290 -1 1149 lcd 0.103567
2291 -1 1149 lcd 0.142822
2292 -1 1149 lcd 0.196107
2293 -1 1149 finder 0.103567
2294 -1 1149 finder 0.158536
2295 -1 1149 finder 0.196107
2296 -1 1149 view 0.103567
2297 -1 1149 view 0.158536
2298 -1 1149 view 0.196107
2299 -1 1159 coolpix 0.180602
2300 -1 1159 coolpix 0.187133
2301 -1 1159 coolpix 0.047658
2302 -1 1159 coolpix 0.490927
2303 -1 1159 coolpix 0.103567
2304 -1 1159 nikon 0.180602
2305 -1 1159 nikon 0.187133
2306 -1 1159 g3 0.180602
2307 -1 1159 g3 0.187133
2308 -1 1159 canon 0.180602
2309 -1 1159 canon 0.187133
2310 -1 1159 g3 0.180602
2311 -1 1159 g3 0.187133
2312 -1 1159 g3 0.047658
2313 -1 1159 g3 0.490927
2314 -1 1159 g3 0.103567
2315 -1 1167 len 0.561313
2316 -1 1167 len 0.306288
2317 -1 1167 len 0.187133
2318 -1 1167 len 0.414646
2319 -1 1167 pictur 0.187133
2320 1 1167 pictur 0.261648
2321 -1 1167 pictur 0.187133
2322 -1 1167 pictur 0.414646
2323 -1 1167 g3 0.187133
2324 -1 1167 g3 0.306288
2325 -1 1167 g3 0.187133
2326 -1 1167 g3 0.414646
2327 -1 1167 zoom 0.262563
2328 -1 1167 zoom 0.405771
2329 -1 1167 zoom 0.262563
2330 -1 1167 zoom 0.5228
2331 -1 1167 optic 0.234713
2332 -1 1167 optic 0.37036
2333 -1 1167 optic 0.234713
2334 -1 1167 optic 0.485521
2335 1 1169 screen 0.934547
2336 1 1169 lcd 0.91325
2337 -1 1173 size 0.75889
2338 -1 1173 size 0.306709
2339 1 1173 unit 0.934547
2340 -1 1173 unit 0.119366
2341 -1 1173 shutter 0.490927
2342 -1 1173 shutter 0.119366
2343 -1 1173 pictur 0.59863
2344 -1 1173 pictur 0.173303
2345 1 1175 tripod 0.881685
2346 1 1175 tripod 0.881685
2347 -1 1175 tripod 0.414646
2348 -1 1175 tripod 0.414646
2349 -1 1175 tripod 0.414646
2350 -1 1175 combin 0.414646
2351 -1 1175 combin 0.414646
2352 -1 1175 combin 0.766648
2353 -1 1175 combin 0.414646
2354 -1 1175 combin 0.414646
2355 -1 1175 camera 0.414646
2356 -1 1175 camera 0.414646
2357 -1 1175 camera 0.881685
2358 -1 1175 camera 0.414646
2359 -1 1175 camera 0.414646
2360 -1 1175 portrait 0.5228
2361 -1 1175 portrait 0.5228
2362 -1 1175 portrait 0.5228
2363 -1 1175 portrait 0.915235
2364 -1 1175 portrait 0.915235
2365 1 1175 tripod 0.485521
2366 1 1175 tripod 0.485521
2367 -1 1175 tripod 0.485521
2368 -1 1175 tripod 0.485521
2369 -1 1175 tripod 0.485521
2370 -1 1175 control 0.414646
2371 -1 1175 control 0.414646
2372 -1 1175 control 0.288547
2373 -1 1175 control 0.414646
2374 -1 1175 control 0.414646
2375 -1 1177 attach 0.881685
2376 -1 1177 attach 0.103567
2377 -1 1177 attach 0.414646
2378 -1 1177 shoe 0.656639
2379 -1 1177 shoe 0.103567
2380 -1 1177 shoe 0.414646
2381 -1 1177 flash 0.656639
2382 -1 1177 flash 0.103567
2383 -1 1177 flash 0.414646
2384 -1 1177 unit 0.414646
2385 -1 1177 unit 0.103567
2386 -1 1177 unit 0.881685
2387 -1 1177 flash 0.414646
2388 -1 1177 flash 0.103567
2389 -1 1177 flash 0.656639
2390 -1 1189 control 0.098592
2391 1 1189 control 0.207193
2392 -1 1189 control 0.59863
2393 -1 1189 manual 0.066049
2394 -1 1189 manual 0.144552
2395 1 1189 manual 0.934547
2396 -1 1189 option 0.098592
2397 -1 1189 option 0.207193
2398 -1 1189 option 0.59863
2399 -1 1189 option 0.220484
2400 -1 1189 option 0.071837
2401 -1 1189 option 0.262563
2402 -1 1189 prioriti 0.066049
2403 -1 1189 prioriti 0.187133
2404 -1 1189 prioriti 0.038188
2405 -1 1189 prioriti 0.187133
2406 -1 1189 shutter 0.066049
2407 -1 1189 shutter 0.187133
2408 -1 1189 shutter 0.047658
2409 -1 1189 shutter 0.187133
2410 -1 1189 prioriti 0.066049
2411 -1 1189 prioriti 0.187133
2412 -1 1189 prioriti 0.047658
2413 -1 1189 prioriti 0.187133
2414 -1 1189 meter 0.066049
2415 -1 1189 meter 0.187133
2416 -1 1189 meter 0.038235
2417 -1 1189 meter 0.187133
2418 -1 1199 button 0.787305
2419 -1 1199 button 0.414646
2420 -1 1199 button 0.414646
2421 -1 1199 button 0.119366
2422 -1 1199 button 0.490927
2423 -1 1199 button 0.881685
2424 -1 1199 button 0.881685
2425 -1 1199 button 0.119366
2426 -1 1199 lock 0.490927
2427 1 1199 lock 0.3437
2428 -1 1199 lock 0.3437
2429 -1 1199 lock 0.119366
2430 -1 1199 camera 0.414646
2431 -1 1199 camera 0.414646
2432 -1 1199 camera 0.119366
2433 -1 1201 construc 0.187133
2434 -1 1201 construc 0.414646
2435 -1 1201 bit 0.663219
2436 -1 1201 bit 0.414646
2437 -1 1201 bodi 0.187133
2438 -1 1201 bodi 0.414646
2439 -1 1201 plastic 0.187133
2440 -1 1201 plastic 0.414646
2441 -1 1201 s330 0.681617
2442 -1 1201 s330 0.868204
2443 1 1223 camera 0.490927
2444 -1 1223 month 0.59863
2445 1 1241 camera 0.881685
2446 -1 1241 camera 0.855856
2447 -1 1241 camera 0.094133
2448 -1 1241 camera 0.652118
2449 -1 1241 photo 0.5228
2450 -1 1241 photo 0.466069
2451 -1 1241 photo 0.151594
2452 1 1241 photo 0.743534
2453 -1 1241 digit 0.485521
2454 -1 1241 digit 0.429197
2455 -1 1241 digit 0.133386
2456 1 1241 digit 0.714067
2457 -1 1241 price 0.414646
2458 -1 1241 price 0.360778
2459 -1 1241 price 0.103567
2460 -1 1241 price 0.652118
2461 -1 1243 camera 0.881685
2462 -1 1243 camera 0.652118
2463 -1 1243 digit 0.85666
2464 -1 1243 digit 0.714067
2465 -1 1243 pixel 0.5228
2466 -1 1243 pixel 0.743534
2467 -1 1247 g3 0.414646
2468 -1 1247 g3 0.158536
2469 -1 1247 g3 0.163161
2470 -1 1247 g3 0.490927
2471 -1 1247 g3 0.187133
2472 -1 1247 g3 0.414646
2473 -1 1247 nikon 0.414646
2474 -1 1247 nikon 0.158536
2475 -1 1247 nikon 0.187133
2476 -1 1247 nikon 0.490927
2477 -1 1247 nikon 0.187133
2478 -1 1247 nikon 0.047658
2479 -1 1247 resolu 0.414646
2480 -1 1247 resolu 0.158536
2481 -1 1247 resolu 0.187133
2482 1 1247 resolu 0.490927
2483 -1 1247 resolu 0.414646
2484 -1 1247 coolpix 0.414646
2485 -1 1247 coolpix 0.158536
2486 -1 1247 coolpix 0.187133
2487 -1 1247 imag 0.075323
2488 -1 1247 imag 0.490927
2489 1 1247 imag 0.656639
2490 -1 1247 color 0.187133
2491 1 1247 color 0.490927
2492 -1 1247 color 0.414646
2493 -1 1247 soni 0.414646
2494 -1 1247 g3 0.158536
2495 -1 1247 g3 0.187133
2496 -1 1247 g3 0.047658
2497 -1 1249 competi 0.187133
2498 -1 1249 competi 0.047658
2499 -1 1249 competi 0.047658
2500 -1 1249 competi 0.414646
2501 -1 1249 competi 0.414646
2502 -1 1249 batteri 0.075323
2503 -1 1249 batteri 0.045517
2504 -1 1249 batteri 0.045517
2505 -1 1249 batteri 0.414646
2506 -1 1249 batteri 0.414646
2507 -1 1249 type 0.262563
2508 -1 1249 type 0.071837
2509 -1 1249 type 0.071837
2510 -1 1249 type 0.5228
2511 -1 1249 type 0.915235
2512 -1 1249 format 0.262563
2513 -1 1249 format 0.071837
2514 -1 1249 format 0.071837
2515 -1 1249 format 0.5228
2516 -1 1249 format 0.5228
2517 -1 1249 flash 0.187133
2518 -1 1249 flash 0.047658
2519 -1 1249 flash 0.038235
2520 -1 1249 flash 0.414646
2521 -1 1249 flash 0.414646
2522 -1 1249 storag 0.187133
2523 -1 1249 storag 0.047658
2524 -1 1249 storag 0.047658
2525 -1 1249 storag 0.414646
2526 -1 1249 storag 0.71027
2527 -1 1249 imag 0.187133
2528 -1 1249 imag 0.047658
2529 -1 1249 imag 0.047658
2530 -1 1249 imag 0.414646
2531 -1 1249 imag 0.414646
2532 -1 1255 camera 0.158536
2533 -1 1255 camera 0.823046
2534 -1 1255 camera 0.881685
2535 -1 1255 digit 0.200639
2536 -1 1255 digit 0.714067
2537 -1 1255 digit 0.85666
2538 -1 1255 market 0.158536
2539 -1 1255 market 0.535028
2540 -1 1255 market 0.414646
2541 1 1259 g3 0.013031
2542 -1 1259 g3 0.187133
2543 -1 1259 g3 0.187133
2544 -1 1259 g3 0.490927
2545 -1 1259 g3 0.187133
2546 -1 1259 pictur 0.015585
2547 -1 1259 pictur 0.187133
2548 -1 1259 pictur 0.187133
2549 1 1259 pictur 0.490927
2550 -1 1259 pictur 0.187133
2551 1 1259 canon 0.015585
2552 -1 1259 canon 0.187133
2553 -1 1259 canon 0.187133
2554 -1 1259 canon 0.490927
2555 -1 1259 canon 0.187133
2556 -1 1259 camera 0.015585
2557 -1 1259 camera 0.187133
2558 -1 1259 camera 0.187133
2559 -1 1259 camera 0.490927
2560 -1 1259 camera 0.187133
2561 -1 1259 g2 0.015585
2562 -1 1259 g2 0.187133
2563 -1 1259 g2 0.187133
2564 -1 1259 g2 0.490927
2565 -1 1259 nikon 0.015585
2566 -1 1259 nikon 0.187133
2567 -1 1259 nikon 0.187133
2568 -1 1259 nikon 0.490927
2569 -1 1259 nikon 0.187133
2570 -1 1259 coolpix 0.015585
2571 -1 1259 coolpix 0.187133
2572 -1 1259 coolpix 0.187133
2573 -1 1259 coolpix 0.490927
2574 -1 1259 coolpix 0.187133
2575 1 1259 canon 0.015585
2576 -1 1259 canon 0.187133
2577 -1 1259 canon 0.187133
2578 -1 1259 canon 0.490927
2579 -1 1259 canon 0.187133
2580 -1 1259 pixel 0.020657
2581 -1 1259 pixel 0.234713
2582 -1 1259 pixel 0.234713
2583 -1 1259 pixel 0.562315
2584 -1 1259 pixel 0.234713
2585 -1 1259 batteri 0.015585
2586 -1 1259 batteri 0.128315
2587 -1 1259 batteri 0.187133
2588 1 1259 batteri 0.490927
2589 -1 1259 batteri 0.187133
2590 -1 1259 camera 0.015585
2591 -1 1259 camera 0.187133
2592 -1 1259 camera 0.187133
2593 -1 1259 camera 0.490927
2594 -1 1259 camera 0.187133
2595 -1 1259 pixel 0.015585
2596 -1 1259 pixel 0.187133
2597 -1 1259 pixel 0.187133
2598 -1 1259 pixel 0.490927
2599 1 1261 optic 0.481763
2600 -1 1261 optic 0.225638
2601 1 1261 optic 0.273935
2602 1 1261 canon 0.37542
2603 -1 1261 canon 0.158536
2604 1 1261 canon 0.196107
2605 1 1261 process 0.37542
2606 -1 1261 process 0.158536
2607 1 1261 process 0.196107
2608 -1 1263 camera 0.823046
2609 -1 1263 camera 0.187133
2610 1 1263 g3 0.823046
2611 -1 1263 g3 0.187133
2612 -1 1263 digit 0.714067
2613 -1 1263 digit 0.234713
2614 1 1263 canon 0.652118
2615 -1 1263 canon 0.187133
2616 1 1269 life 0.196107
2617 1 1269 batteri 0.196107
2618 -1 1269 camera 0.196107
2619 -1 1269 nikon 0.196107
2620 -1 1271 strap 0.25357
2621 -1 1271 strap 0.066049
2622 -1 1271 strap 0.414646
2623 -1 1271 strap 0.187133
2624 -1 1271 bit 0.25357
2625 -1 1271 bit 0.066049
2626 -1 1271 bit 0.414646
2627 -1 1271 bit 0.187133
2628 -1 1271 shot 0.344432
2629 -1 1271 shot 0.098592
2630 1 1271 shot 0.5228
2631 -1 1271 shot 0.262563
2632 -1 1271 camera 0.25357
2633 -1 1271 camera 0.066049
2634 -1 1271 camera 0.414646
2635 -1 1271 camera 0.187133
2636 -1 1273 camera 0.047658
2637 1 1273 camera 0.823046
2638 -1 1273 camera 0.910274
2639 -1 1273 digit 0.062503
2640 1 1273 digit 0.714067
2641 -1 1273 digit 0.890545
2642 -1 1275 camera 0.167226
2643 1 1275 camera 0.881685
2644 -1 1275 g2 0.297007
2645 -1 1275 g2 0.598455
2646 1 1277 camera 0.881685
2647 -1 1279 canon 0.187133
2648 1 1279 canon 0.16678
2649 -1 1279 len 0.128315
2650 -1 1279 len 0.16678
2651 -1 1281 hand 0.490927
2652 -1 1283 shoot 0.490927
2653 -1 1283 shoot 0.414646
2654 -1 1283 shoot 0.047658
2655 -1 1283 shoot 0.047658
2656 1 1283 camera 0.490927
2657 1 1283 camera 0.881685
2658 -1 1283 camera 0.047658
2659 -1 1283 camera 0.047658
