1566 -1 555 clean 0.119366
1567 -1 555 inspir 0.173303
1568 -1 555 sharper 0.405771
1569 -1 555 white 0.5228
1570 -1 555 white 0.262563
1571 -1 555 lack 0.098592
1572 -1 555 clean 0.173303
1573 -1 555 inspir 0.119366
1574 -1 555 sharper 0.306288
1575 -1 555 white 0.414646
1576 -1 555 white 0.187133
1577 -1 555 lack 0.066049
1578 -1 555 clean 0.119366
1579 -1 555 white 0.414646
1580 -1 555 inspir 0.173303
1581 -1 555 white 0.262563
1582 -1 555 clean 0.173303
1583 -1 555 white 0.915235
1584 -1 557 mean 0.023901
1586 -1 557 mean 0.015585
1587 -1 557 amaz 0.119366
1588 -1 559 dim 0.414646
1589 -1 559 outperform 0.103567
1590 -1 559 dim 0.414646
1592 -1 559 dim 0.414646
1593 -1 559 outperform 0.59049
1594 -1 561 believ 0.158536
1595 -1 561 person 0.196107
1596 -1 561 outperform 0.015585
1597 -1 561 haze 0.187133
1598 -1 561 less 0.306288
1599 -1 561 astonishingli 0.199702
1600 -1 561 believ 0.225638
1601 -1 561 person 0.273935
1602 -1 561 outperform 0.023901
1603 -1 561 haze 0.262563
1604 -1 561 less 0.405771
1605 -1 561 astonishingli 0.278463
1606 -1 561 believ 0.225638
1607 -1 561 person 0.273935
1608 -1 561 outperform 0.023901
1609 -1 561 haze 0.262563
1610 -1 561 less 0.405771
1611 -1 561 astonishingli 0.278463
1612 -1 563 qualiti 0.187133
1613 -1 563 balanc 0.187133
1614 -1 563 best 0.652118
1615 -1 563 color 0.414646
1616 -1 563 respons 0.187133
1617 -1 563 qualiti 0.075323
1618 -1 563 balanc 0.187133
1620 -1 563 color 0.414646
1621 -1 563 respons 0.187133
1622 -1 563 qualiti 0.187745
1623 -1 563 balanc 0.262563
1624 -1 563 best 0.743534
1625 -1 563 color 0.5228
1626 -1 563 respons 0.262563
1627 -1 563 qualiti 0.187133
1628 -1 563 balanc 0.075323
1629 -1 563 best 0.652118
1630 -1 563 color 0.414646
1631 -1 563 respons 0.187133
1632 -1 563 qualiti 0.187133
1633 -1 563 balanc 0.517808
1634 -1 563 best 0.652118
1635 -1 563 color 0.414646
1636 -1 563 respons 0.187133
1637 -1 563 qualiti 0.187133
1638 -1 563 balanc 0.187133
1639 -1 563 best 0.652118
1640 -1 563 color 0.414646
1641 -1 563 respons 0.187133
1642 -1 565 littl 0.59863
1644 -1 565 littl 0.899679
1648 -1 573 upgrad 0.613392
1649 -1 577 problem 0.047658
1650 -1 577 light 0.187133
1651 -1 577 low 0.414646
1652 -1 577 problem 0.047658
1653 -1 577 light 0.187133
1654 -1 577 low 0.414646
1655 -1 577 problem 0.047658
1656 -1 577 problem 0.047658
1658 -1 583 awesom 0.881685
1659 -1 583 pro 0.881685
1660 -1 591 easi 0.490927
1661 -1 591 understand 0.103567
1662 -1 591 us 0.103567
1663 -1 591 easi 0.335898
1664 -1 591 understand 0.103567
1665 -1 591 us 0.103567
1666 -1 593 great 0.915235
1670 -1 595 featur 0.071837
1674 -1 595 featur 0.062503
1676 -1 595 great 0.414646
1677 -1 595 great 0.3437
1678 -1 595 featur 0.047658
1679 -1 595 great 0.414646
1682 -1 595 featur 0.071837
1686 -1 597 littl 0.278463
1687 -1 597 friendli 0.335898
1688 -1 597 user 0.134869
1689 -1 597 littl 0.199702
1690 -1 597 friendli 0.490927
1691 -1 597 user 0.134869
1692 -1 597 littl 0.199702
1693 -1 597 friendli 0.59863
1694 -1 597 user 0.194267
1695 -1 597 littl 0.278463
1696 -1 597 friendli 0.490927
1697 -1 597 user 0.134869
1698 -1 597 littl 0.199702
1699 -1 597 friendli 0.562315
1700 -1 597 user 0.171971
1701 -1 597 littl 0.249497
1702 -1 599 solid 0.881685
1703 -1 599 solid 0.414646
1705 -1 599 solid 0.414646
1706 -1 601 sharp 0.881685
1707 -1 601 featur 0.047658
1708 -1 601 easi 0.490927
1709 -1 601 great 0.414646
1710 -1 601 us 0.103567
1714 -1 617 easi 0.466069
1715 -1 617 beauti 0.414646
1716 -1 617 challeng 0.047658
1717 -1 617 easi 0.360778
1718 -1 617 understand 0.103567
1719 -1 617 us 0.103567
1720 -1 617 last 0.414646
1721 -1 617 beauti 0.414646
1722 -1 617 challeng 0.047658
1723 -1 617 beauti 0.485521
1724 -1 617 challeng 0.062503
1725 -1 617 challeng 0.071837
1726 -1 617 easi 0.466069
1727 -1 617 understand 0.151594
1728 -1 617 us 0.151594
1729 -1 617 last 0.5228
1730 -1 617 easi 0.360778
1731 -1 617 understand 0.103567
1732 -1 617 us 0.103567
1733 -1 617 last 0.414646
1736 -1 617 overlook 0.119366
1737 -1 617 easi 0.429197
1738 -1 617 understand 0.133386
1739 -1 617 us 0.133386
1740 -1 617 last 0.485521
1743 -1 617 overlook 0.152957
1744 -1 617 understand 0.103567
1745 -1 617 us 0.103567
1746 -1 617 great 0.414646
1747 -1 617 great 0.414646
1748 -1 617 overlook 0.119366
1749 -1 617 understand 0.103567
1750 -1 617 us 0.103567
1753 -1 617 overlook 0.119366
1754 -1 617 understand 0.103567
1755 -1 617 last 0.414646
1756 -1 617 receiv 0.180602
1757 -1 617 far 0.196107
1758 -1 617 thumb 0.047658
1759 -1 617 approv 0.187133
1760 -1 617 us 0.151594
1761 -1 617 great 0.5228
1762 -1 617 great 0.5228
1763 -1 617 overlook 0.173303
1764 -1 617 great 0.5228
1765 -1 617 great 0.5228
1766 -1 617 overlook 0.173303
1767 -1 629 great 0.881685
1768 1 629 great 0.766648
1769 1 629 great 0.414646
1770 -1 633 help 0.103567
1771 -1 633 spectacular 0.414646
1772 -1 633 help 0.151594
1773 1 633 spectacular 0.915235
1774 1 635 plenti 0.691709
1775 -1 635 disappoint 0.173303
1776 -1 635 pro 0.071837
1777 -1 635 plenti 0.235179
1778 -1 635 disappoint 0.153307
1779 -1 635 pro 0.071837
1780 -1 635 plenti 0.165847
1781 1 635 disappoint 0.119366
1782 -1 635 pro 0.047658
1783 1 639 inexpens 0.490927
1784 1 639 pretti 0.165847
1785 -1 639 time 0.187133
1786 1 639 inexpens 0.952661
1787 1 639 pretti 0.199025
1788 -1 639 time 0.262563
1789 -1 639 inexpens 0.490927
1790 -1 639 pretti 0.165847
1791 -1 639 inexpens 0.59863
1792 -1 639 pretti 0.235179
1793 -1 639 time 0.262563
1794 -1 643 unrespons 0.187133
1795 -1 643 miss 0.103567
1796 -1 643 preciou 0.414646
1797 -1 643 unrespons 0.187133
1798 -1 643 miss 0.103567
1799 -1 643 preciou 0.414646
1800 -1 643 unrespons 0.187133
1801 -1 643 miss 0.103567
1802 -1 643 unrespons 0.234713
1803 -1 643 miss 0.133386
1804 -1 643 unrespons 0.262563
1805 -1 643 miss 0.133189
1806 -1 643 preciou 0.915235
1807 -1 643 unrespons 0.262563
1808 -1 643 miss 0.151594
1809 -1 655 well 0.881685
1810 -1 655 time 0.187133
1811 1 655 well 0.414646
1812 -1 655 time 0.663219
1813 -1 725 first 0.881685
1814 1 725 happier 0.37542
1815 -1 725 first 0.85666
1816 1 725 happier 0.444683
1817 -1 729 qualiti 0.187133
1818 -1 729 qualiti 0.187745
1819 1 733 better 0.70355
1820 -1 733 good 0.5228
1821 -1 733 better 0.306288
1822 -1 733 good 0.414646
1823 -1 733 better 0.405771
1824 -1 733 good 0.5228
1825 -1 733 better 0.306288
1826 -1 733 good 0.881685
1827 -1 739 best 0.823046
1828 1 739 best 0.823046
1829 1 739 best 0.652118
1830 -1 745 easi 0.414646
1831 -1 745 easi 0.5228
1832 -1 745 easi 0.5228
1833 1 745 easi 0.915235
1834 1 755 loos 0.934547
1835 -1 755 loos 0.490927
1836 1 755 loos 0.91325
1837 1 765 better 0.37542
1838 -1 765 respect 0.187133
1839 1 769 recommend 0.59049
1840 -1 773 us 0.180602
1841 1 773 love 0.180602
1842 -1 773 us 0.180602
1843 1 773 love 0.180602
1844 -1 787 us 0.180602
1845 -1 787 fall 0.015585
1846 -1 787 perfect 0.414646
1847 -1 787 us 0.180602
1848 -1 787 fall 0.015585
1849 1 787 perfect 0.881685
1850 -1 789 new 0.490927
1851 -1 789 us 0.118447
1852 -1 789 advanc 0.414646
1853 -1 789 new 0.59863
1854 -1 789 us 0.254223
1855 1 789 advanc 0.915235
1856 -1 789 new 0.490927
1857 -1 789 us 0.180602
1858 1 791 recommend 0.094133
1859 -1 793 incred 0.490927
1860 -1 793 life 0.187133
1861 1 793 incred 0.91325
1862 -1 793 life 0.075323
1863 1 807 glad 0.490927
1864 -1 809 far 0.196107
1865 -1 809 happi 0.490927
1866 -1 809 far 0.196107
1867 1 809 happi 0.490927
1868 -1 815 intuit 0.766648
1869 1 815 intuit 0.915235
1870 -1 815 intuit 0.414646
1871 -1 819 worri 0.066049
1872 -1 819 worri 0.066049
1873 -1 819 worri 0.066049
1874 -1 819 worri 0.066049
1875 -1 819 worri 0.098592
1876 -1 819 worri 0.066049
1877 -1 819 worri 0.104353
1878 1 823 awesom 0.934547
1879 -1 823 set 0.047658
1880 1 823 awesom 0.887211
1881 -1 823 set 0.062503
1882 -1 823 awesom 0.490927
1883 -1 823 set 0.047658
1884 1 823 awesom 0.490927
1885 -1 823 set 0.038188
1886 -1 825 littl 0.414646
1887 -1 825 detract 0.103567
1888 -1 825 littl 0.414646
1889 -1 825 detract 0.103567
1890 -1 825 littl 0.414646
1891 -1 825 detract 0.103567
1892 -1 825 littl 0.414646
1893 -1 825 detract 0.103567
1894 -1 825 littl 0.414646
1895 -1 825 detract 0.103567
1896 1 831 best 0.714067
1897 -1 831 us 0.133386
1898 -1 831 avail 0.562315
1899 -1 831 easi 0.562315
1900 -1 831 fairli 0.311567
1901 1 831 best 0.652118
1902 -1 831 us 0.103567
1903 -1 831 avail 0.490927
1904 -1 831 easi 0.490927
1905 -1 831 fairli 0.25357
1906 1 831 best 0.652118
1907 -1 831 us 0.103567
1908 -1 831 avail 0.910274
1909 -1 831 easi 0.41621
1910 -1 831 fairli 0.25357
1911 -1 841 happi 0.490927
1912 -1 841 perfectli 0.25357
1913 1 841 happi 0.335898
1914 -1 841 perfectli 0.218399
1915 1 843 beauti 0.934547
1916 -1 847 look 0.128336
1917 -1 847 work 0.681617
1918 -1 847 look 0.015585
1919 -1 847 work 0.517808
1920 1 849 stun 0.934547
1921 -1 849 better 0.174471
1922 -1 849 line 0.047658
1923 -1 849 excel 0.414646
1924 1 849 stun 0.91325
1925 -1 849 better 0.196107
1926 -1 849 line 0.047658
1927 -1 849 excel 0.414646
1928 -1 849 stun 0.562315
1929 -1 849 better 0.24528
1930 -1 849 line 0.396525
1931 -1 849 excel 0.485521
1932 -1 849 stun 0.490927
1933 -1 849 better 0.196107
1934 -1 849 line 0.036711
1935 1 849 excel 0.881685
1936 -1 849 stun 0.490927
1937 -1 849 better 0.196107
1938 -1 849 line 0.047658
1939 -1 849 excel 0.414646
1940 -1 851 best 0.915235
1941 -1 851 littl 0.5228
1942 -1 851 squash 0.254223
1943 1 851 best 0.5228
1944 -1 851 littl 0.915235
1945 -1 851 squash 0.254223
1946 1 851 best 0.485521
1947 -1 851 littl 0.389557
1948 -1 851 squash 0.226985
1949 -1 851 best 0.414646
1950 -1 851 littl 0.414646
1951 -1 851 squash 0.180602
1952 1 893 happi 0.335898
1953 -1 895 steep 0.490927
1954 1 895 clearli 0.199702
1955 1 895 steep 0.934547
1956 -1 895 clearli 0.199702
1957 1 895 steep 0.91325
1958 -1 895 clearli 0.199702
1959 1 901 best 0.823046
1960 -1 901 qualiti 0.187133
1961 -1 901 color 0.187133
1962 1 901 best 0.652118
1963 -1 901 qualiti 0.075323
1964 -1 901 color 0.143944
1965 1 901 best 0.652118
1966 -1 901 qualiti 0.187133
1967 -1 901 color 0.163161
1968 -1 903 featur 0.158536
1969 -1 903 cool 0.414646
1970 -1 903 log 0.187133
1971 -1 903 featur 0.158536
1972 1 903 cool 0.414646
1973 -1 903 log 0.187133
1974 -1 903 featur 0.225638
1975 1 903 cool 0.5228
1976 -1 903 log 0.262563
1977 -1 903 featur 0.158536
1978 -1 903 cool 0.414646
1979 -1 903 log 0.187133
1980 -1 903 featur 0.158536
1981 -1 903 cool 0.414646
1982 -1 903 log 0.187133
1983 -1 913 first 0.173651
1984 -1 913 foremost 0.196107
1985 1 913 better 0.261648
1986 -1 913 first 0.196107
1987 -1 913 foremost 0.196107
1988 -1 913 better 0.306288
1989 -1 913 first 0.196107
1990 -1 913 better 0.306288
1991 -1 923 easier 0.37542
1992 -1 923 life 0.187133
1993 -1 923 easier 0.481763
1994 -1 923 life 0.262563
1995 -1 923 easier 0.37542
1996 -1 923 life 0.075323
1997 1 931 flaw 0.047658
1998 -1 931 us 0.103567
1999 -1 931 time 0.187133
2000 -1 931 flaw 0.031465
2001 -1 931 us 0.103567
2002 -1 931 time 0.187133
2003 1 945 excel 0.881685
2004 -1 947 realiz 0.180602
2005 -1 947 time 0.517808
2006 -1 947 best 0.652118
2007 -1 947 realiz 0.180602
2008 -1 947 time 0.187133
2009 1 947 best 0.823046
2010 -1 947 realiz 0.254223
2011 -1 947 time 0.262563
2012 -1 947 realiz 0.226985
2013 -1 947 time 0.234713
2014 1 947 best 0.714067
2015 -1 951 excel 0.881685
2016 -1 951 excel 0.414646
2017 -1 951 excel 0.766648
2018 -1 953 easi 0.911136
2019 -1 953 amaz 0.490927
2020 -1 953 us 0.103567
2021 1 953 beauti 0.881685
2022 -1 953 featur 0.047658
2023 -1 953 easi 0.40916
2024 1 953 amaz 0.934547
2025 -1 953 us 0.103567
2026 -1 953 beauti 0.414646
2027 -1 953 featur 0.047658
2028 -1 953 easi 0.517148
2029 -1 953 amaz 0.59863
2030 -1 953 us 0.151594
2031 -1 953 beauti 0.428378
2032 -1 953 featur 0.066886
2033 -1 953 easi 0.40916
2034 1 953 amaz 0.91325
2035 -1 953 us 0.103567
2036 -1 953 beauti 0.414646
2037 -1 955 protect 0.103567
2038 -1 955 damag 0.187133
2039 -1 955 protect 0.151594
2040 -1 955 damag 0.262563
2041 -1 959 enough 0.25357
2042 -1 959 bad 0.414646
2043 1 959 piti 0.881685
2044 -1 959 enough 0.344432
2045 -1 959 bad 0.5228
2046 -1 959 piti 0.5228
2047 -1 959 enough 0.25357
2048 -1 959 bad 0.414646
2049 1 959 piti 0.656639
2050 -1 963 good 0.414646
2051 -1 963 nois 0.187133
2052 -1 963 less 0.306288
2053 -1 963 good 0.485521
2054 -1 963 nois 0.234713
2055 -1 963 less 0.37036
2056 1 971 power 0.881685
2057 -1 979 easi 0.59863
2058 -1 979 extrem 0.344432
2059 -1 979 us 0.151594
2060 1 979 well 0.278463
2061 -1 979 laid 0.236392
2062 -1 983 good 0.5228
2063 -1 983 idiot 0.262563
2064 -1 983 good 0.915235
2065 -1 983 idiot 0.262563
2066 1 983 good 0.414646
2067 -1 983 idiot 0.163161
2068 1 983 good 0.414646
2069 -1 983 idiot 0.187133
2070 1 983 good 0.414646
2071 -1 983 idiot 0.187133
2072 1 987 better 0.481763
2073 -1 987 better 0.37542
2074 -1 987 better 0.481763
2075 -1 987 better 0.37542
2076 -1 987 better 0.37542
2077 -1 987 better 0.481763
2078 -1 989 help 0.015585
2079 -1 989 larg 0.414646
2080 -1 989 help 0.020657
2081 -1 989 larg 0.485521
2082 -1 989 help 0.015585
2083 1 989 larg 0.881685
2084 -1 989 help 0.015585
2085 -1 989 larg 0.3437
2086 1 1003 fragil 0.787305
2087 -1 1003 worth 0.490927
2088 -1 1003 good 0.414646
2089 -1 1003 round 0.196107
2090 1 1003 fragil 0.490927
2091 -1 1003 worth 0.490927
2092 -1 1003 good 0.414646
2093 1 1003 fragil 0.490927
2094 -1 1003 worth 0.490927
2095 -1 1003 good 0.414646
2096 -1 1003 fragil 0.490927
2097 -1 1003 worth 0.490927
2098 -1 1003 good 0.881685
2099 -1 1003 round 0.196107
2100 -1 1003 fragil 0.490927
2101 -1 1003 worth 0.490927
2102 -1 1003 good 0.656639
2103 -1 1003 worth 0.490927
2104 -1 1003 round 0.196107
2105 1 1009 fragil 0.490927
2106 1 1009 fragil 0.490927
2107 -1 1009 fragil 0.490927
2108 -1 1009 fragil 0.490927
2109 -1 1009 fragil 0.490927
2110 -1 1015 horribl 0.490927
2111 -1 1015 strap 0.187133
2112 -1 1015 horribl 0.490927
2113 -1 1015 strap 0.187133
2114 1 1021 mind 0.934547
2115 -1 1021 mind 0.490927
2116 -1 1023 easi 0.490927
2117 -1 1023 us 0.103567
2118 -1 1023 laid 0.119366
2119 -1 1023 logic 0.144552
2120 -1 1023 easi 0.490927
2121 -1 1023 us 0.103567
2122 -1 1023 laid 0.119366
2123 -1 1023 logic 0.144552
2124 1 1023 easi 0.952661
2125 -1 1023 us 0.105679
2126 -1 1023 laid 0.173303
2127 1 1023 logic 0.207193
2128 1 1023 easi 0.59863
2129 -1 1023 us 0.151594
2130 -1 1023 laid 0.173303
2131 1 1023 logic 0.207193
2132 1 1027 excel 0.934547
2133 1 1027 excel 0.91325
2134 1 1031 good 0.934547
2135 -1 1031 enough 0.196107
2136 -1 1033 power 0.163161
2137 -1 1033 advanc 0.414646
2138 -1 1033 power 0.262563
2139 1 1033 advanc 0.5228
2140 -1 1033 power 0.262563
2141 1 1033 advanc 0.915235
2142 -1 1033 power 0.187133
2143 -1 1041 us 0.119366
2144 1 1041 best 0.652118
2145 -1 1043 us 0.119366
2146 -1 1043 far 0.173651
2147 1 1043 finest 0.823046
2148 -1 1043 us 0.119366
2149 -1 1043 far 0.196107
2150 -1 1043 finest 0.652118
2151 -1 1047 work 0.013031
2152 1 1047 great 0.787305
2153 -1 1047 terrif 0.490927
2154 -1 1047 work 0.023901
2155 -1 1047 great 0.59863
2156 -1 1047 terrif 0.59863
2157 -1 1047 work 0.015585
2158 -1 1047 great 0.490927
2159 1 1047 terrif 0.934547
2160 -1 1047 work 0.015585
2161 -1 1047 great 0.490927
2162 1 1047 terrif 0.91325
2163 -1 1047 work 0.015585
2164 -1 1047 great 0.490927
2165 -1 1047 terrif 0.490927
2166 1 1049 perfect 0.414646
2167 1 1051 perfect 0.414646
2168 -1 1051 perfect 0.414646
2169 -1 1051 perfect 0.414646
2170 -1 1055 glad 0.414646
2171 -1 1055 improv 0.180602
2172 -1 1055 new 0.414646
2173 1 1055 glad 0.414646
2174 -1 1055 improv 0.180602
2175 -1 1055 new 0.414646
2176 -1 1055 glad 0.414646
2177 -1 1055 improv 0.180602
2178 -1 1055 new 0.881685
2179 -1 1073 great 0.59863
2180 -1 1073 insan 0.344432
2181 1 1073 great 0.934547
2182 -1 1073 insan 0.25357
2183 -1 1073 great 0.59863
2184 -1 1073 insan 0.344432
2185 1 1075 fabul 0.952661
2186 -1 1075 short 0.5228
2187 -1 1075 featur 0.071837
2188 -1 1075 fabul 0.613717
2189 -1 1075 short 0.53854
2190 -1 1075 featur 0.076167
2191 -1 1075 fabul 0.59863
2192 -1 1075 short 0.5228
2193 -1 1075 featur 0.066886
2194 -1 1075 fabul 0.490927
2195 -1 1075 short 0.414646
2196 -1 1075 featur 0.047658
2197 1 1083 delic 0.934547
2198 -1 1083 hate 0.158536
2199 -1 1083 fear 0.187133
2200 -1 1083 lead 0.103567
2201 1 1083 delic 0.887211
2202 -1 1083 hate 0.200639
2203 -1 1083 fear 0.234713
2204 -1 1083 delic 0.490927
2205 -1 1083 hate 0.158536
2206 -1 1083 fear 0.187133
2207 -1 1083 lead 0.103567
2208 -1 1083 lose 0.066049
2209 -1 1083 delic 0.490927
2210 -1 1083 hate 0.158536
2211 -1 1083 fear 0.187133
2212 -1 1083 lead 0.103567
2213 -1 1083 delic 0.562315
2214 -1 1083 hate 0.200639
2215 -1 1083 fear 0.234713
2216 -1 1083 lead 0.133386
2217 -1 1083 lose 0.086104
2218 -1 1085 improv 0.109377
2219 -1 1085 improv 0.119366
2220 1 1085 improv 0.119366
2221 1 1089 pleas 0.100778
2222 -1 1089 durabl 0.128315
2223 -1 1089 wind 0.187133
2224 1 1089 pleas 0.119366
2225 -1 1089 durabl 0.187133
2226 -1 1089 wind 0.187133
2227 -1 1089 pleas 0.119366
2228 -1 1089 durabl 0.187133
2229 -1 1089 wind 0.128315
2230 -1 1089 pleas 0.119366
2231 -1 1089 durabl 0.187133
2232 -1 1089 wind 0.187133
2233 -1 1099 work 0.776696
2234 1 1099 art 0.187133
2235 1 1101 great 0.915235
2236 -1 1101 solid 0.59863
2237 -1 1103 neg 0.915235
2238 -1 1103 stun 0.59863
2239 -1 1103 obstruct 0.151594
2240 -1 1103 us 0.098592
2241 -1 1103 neg 0.414646
2242 -1 1103 stun 0.41621
2243 1 1103 obstruct 0.103567
2244 -1 1103 us 0.066049
2245 -1 1103 left 0.16678
2246 -1 1103 lower 0.306288
2247 -1 1103 stun 0.490927
2248 1 1103 obstruct 0.103567
2249 -1 1103 us 0.066049
2250 -1 1103 left 0.16678
2251 -1 1103 lower 0.306288
2252 -1 1103 stun 0.490927
2253 -1 1103 obstruct 0.103567
2254 -1 1103 us 0.066049
2255 -1 1103 left 0.16678
2256 -1 1103 lower 0.306288
2257 1 1103 stun 0.934547
2258 -1 1103 obstruct 0.103567
2259 -1 1103 us 0.066049
2260 -1 1103 left 0.16678
2261 -1 1103 lower 0.306288
2262 1 1103 stun 0.490927
2263 -1 1103 obstruct 0.103567
2264 -1 1103 us 0.066049
2265 -1 1103 left 0.16678
2266 -1 1103 lower 0.306288
2267 1 1103 stun 0.91325
2268 -1 1103 obstruct 0.103567
2269 -1 1103 us 0.066049
2270 -1 1103 left 0.16678
2271 1 1103 stun 0.490927
2272 -1 1103 obstruct 0.103567
2273 -1 1103 us 0.454184
2274 -1 1103 left 0.16678
2275 -1 1103 stun 0.490927
2276 1 1103 obstruct 0.103567
2277 -1 1103 us 0.066049
2278 -1 1103 left 0.16678
2279 -1 1103 lower 0.306288
2280 -1 1103 stun 0.490927
2281 1 1103 obstruct 0.103567
2282 -1 1103 us 0.062333
2283 -1 1137 design 0.075323
2284 -1 1139 flaw 0.561313
2285 -1 1139 design 0.187133
2286 1 1147 great 0.490927
2287 1 1149 recommend 0.59049
2288 -1 1149 us 0.158536
2289 -1 1149 strictli 0.196107
2290 -1 1149 recommend 0.103567
2291 -1 1149 us 0.142822
2292 -1 1149 strictli 0.196107
2293 -1 1149 recommend 0.103567
2294 -1 1149 us 0.158536
2295 -1 1149 strictli 0.196107
2296 -1 1149 recommend 0.103567
2297 -1 1149 us 0.158536
2298 -1 1149 strictli 0.196107
2299 -1 1159 look 0.180602
2300 -1 1159 price 0.187133
2301 -1 1159 ergonom 0.047658
2302 -1 1159 comfort 0.490927
2303 -1 1159 us 0.103567
2304 -1 1159 look 0.180602
2305 -1 1159 price 0.187133
2306 -1 1159 look 0.180602
2307 -1 1159 price 0.187133
2308 -1 1159 look 0.180602
2309 -1 1159 price 0.187133
2310 -1 1159 look 0.180602
2311 -1 1159 price 0.187133
2312 -1 1159 ergonom 0.047658
2313 -1 1159 comfort 0.490927
2314 -1 1159 us 0.103567
2315 -1 1167 qualiti 0.561313
2316 -1 1167 better 0.306288
2317 -1 1167 light 0.187133
2318 -1 1167 low 0.414646
2319 -1 1167 qualiti 0.187133
2320 1 1167 better 0.261648
2321 -1 1167 light 0.187133
2322 -1 1167 low 0.414646
2323 -1 1167 qualiti 0.187133
2324 -1 1167 better 0.306288
2325 -1 1167 light 0.187133
2326 -1 1167 low 0.414646
2327 -1 1167 qualiti 0.262563
2328 -1 1167 better 0.405771
2329 -1 1167 light 0.262563
2330 -1 1167 low 0.5228
2331 -1 1167 qualiti 0.234713
2332 -1 1167 better 0.37036
2333 -1 1167 light 0.234713
2334 -1 1167 low 0.485521
2335 1 1169 great 0.934547
2336 1 1169 great 0.91325
2337 -1 1173 wonder 0.75889
2338 -1 1173 us 0.306709
2339 1 1173 wonder 0.934547
2340 -1 1173 us 0.119366
2341 -1 1173 wonder 0.490927
2342 -1 1173 us 0.119366
2343 -1 1173 wonder 0.59863
2344 -1 1173 us 0.173303
2345 1 1175 good 0.881685
2346 1 1175 sturdi 0.881685
2347 -1 1175 new 0.414646
2348 -1 1175 remark 0.414646
2349 -1 1175 natur 0.414646
2350 -1 1175 good 0.414646
2351 -1 1175 sturdi 0.414646
2352 -1 1175 new 0.766648
2353 -1 1175 remark 0.414646
2354 -1 1175 natur 0.414646
2355 -1 1175 good 0.414646
2356 -1 1175 sturdi 0.414646
2357 -1 1175 new 0.881685
2358 -1 1175 remark 0.414646
2359 -1 1175 natur 0.414646
2360 -1 1175 good 0.5228
2361 -1 1175 sturdi 0.5228
2362 -1 1175 new 0.5228
2363 -1 1175 remark 0.915235
2364 -1 1175 natur 0.915235
2365 1 1175 good 0.485521
2366 1 1175 sturdi 0.485521
2367 -1 1175 new 0.485521
2368 -1 1175 remark 0.485521
2369 -1 1175 natur 0.485521
2370 -1 1175 good 0.414646
2371 -1 1175 sturdi 0.414646
2372 -1 1175 new 0.288547
2373 -1 1175 remark 0.414646
2374 -1 1175 natur 0.414646
2375 -1 1177 hot 0.881685
2376 -1 1177 us 0.103567
2377 -1 1177 sophist 0.414646
2378 -1 1177 hot 0.656639
2379 -1 1177 us 0.103567
2380 -1 1177 sophist 0.414646
2381 -1 1177 hot 0.656639
2382 -1 1177 us 0.103567
2383 -1 1177 sophist 0.414646
2384 -1 1177 hot 0.414646
2385 -1 1177 us 0.103567
2386 -1 1177 sophist 0.881685
2387 -1 1177 hot 0.414646
2388 -1 1177 us 0.103567
2389 -1 1177 sophist 0.656639
2390 -1 1189 us 0.098592
2391 1 1189 well 0.207193
2392 -1 1189 clear 0.59863
2393 -1 1189 us 0.066049
2394 -1 1189 well 0.144552
2395 1 1189 clear 0.934547
2396 -1 1189 us 0.098592
2397 -1 1189 well 0.207193
2398 -1 1189 clear 0.59863
2399 -1 1189 adjust 0.220484
2400 -1 1189 adjust 0.071837
2401 -1 1189 light 0.262563
2402 -1 1189 us 0.066049
2403 -1 1189 adjust 0.187133
2404 -1 1189 adjust 0.038188
2405 -1 1189 light 0.187133
2406 -1 1189 us 0.066049
2407 -1 1189 adjust 0.187133
2408 -1 1189 adjust 0.047658
2409 -1 1189 light 0.187133
2410 -1 1189 us 0.066049
2411 -1 1189 adjust 0.187133
2412 -1 1189 adjust 0.047658
2413 -1 1189 light 0.187133
2414 -1 1189 us 0.066049
2415 -1 1189 adjust 0.187133
2416 -1 1189 adjust 0.038235
2417 -1 1189 light 0.187133
2418 -1 1199 flimsi 0.787305
2419 -1 1199 awkward 0.414646
2420 -1 1199 littl 0.414646
2421 -1 1199 depress 0.119366
2422 -1 1199 flimsi 0.490927
2423 -1 1199 awkward 0.881685
2424 -1 1199 littl 0.881685
2425 -1 1199 depress 0.119366
2426 -1 1199 flimsi 0.490927
2427 1 1199 awkward 0.3437
2428 -1 1199 littl 0.3437
2429 -1 1199 depress 0.119366
2430 -1 1199 awkward 0.414646
2431 -1 1199 littl 0.414646
2432 -1 1199 depress 0.119366
2433 -1 1201 disappoint 0.187133
2434 -1 1201 stainless 0.414646
2435 -1 1201 disappoint 0.663219
2436 -1 1201 stainless 0.414646
2437 -1 1201 disappoint 0.187133
2438 -1 1201 stainless 0.414646
2439 -1 1201 disappoint 0.187133
2440 -1 1201 stainless 0.414646
2441 -1 1201 disappoint 0.681617
2442 -1 1201 stainless 0.868204
2443 1 1223 pleas 0.490927
2444 -1 1223 pleas 0.59863
2445 1 1241 comfort 0.881685
2446 -1 1241 easi 0.855856
2447 -1 1241 us 0.094133
2448 -1 1241 best 0.652118
2449 -1 1241 comfort 0.5228
2450 -1 1241 easi 0.466069
2451 -1 1241 us 0.151594
2452 1 1241 best 0.743534
2453 -1 1241 comfort 0.485521
2454 -1 1241 easi 0.429197
2455 -1 1241 us 0.133386
2456 1 1241 best 0.714067
2457 -1 1241 comfort 0.414646
2458 -1 1241 easi 0.360778
2459 -1 1241 us 0.103567
2460 -1 1241 best 0.652118
2461 -1 1243 non 0.881685
2462 -1 1243 best 0.652118
2463 -1 1243 non 0.85666
2464 -1 1243 best 0.714067
2465 -1 1243 non 0.5228
2466 -1 1243 best 0.743534
2467 -1 1247 hand 0.414646
2468 -1 1247 lack 0.158536
2469 -1 1247 qualiti 0.163161
2470 -1 1247 superior 0.490927
2471 -1 1247 qualiti 0.187133
2472 -1 1247 outstand 0.414646
2473 -1 1247 hand 0.414646
2474 -1 1247 lack 0.158536
2475 -1 1247 qualiti 0.187133
2476 -1 1247 superior 0.490927
2477 -1 1247 qualiti 0.187133
2478 -1 1247 featur 0.047658
2479 -1 1247 hand 0.414646
2480 -1 1247 lack 0.158536
2481 -1 1247 qualiti 0.187133
2482 1 1247 superior 0.490927
2483 -1 1247 outstand 0.414646
2484 -1 1247 hand 0.414646
2485 -1 1247 lack 0.158536
2486 -1 1247 qualiti 0.187133
2487 -1 1247 qualiti 0.075323
2488 -1 1247 superior 0.490927
2489 1 1247 outstand 0.656639
2490 -1 1247 qualiti 0.187133
2491 1 1247 superior 0.490927
2492 -1 1247 outstand 0.414646
2493 -1 1247 hand 0.414646
2494 -1 1247 lack 0.158536
2495 -1 1247 qualiti 0.187133
2496 -1 1247 featur 0.047658
2497 -1 1249 life 0.187133
2498 -1 1249 featur 0.047658
2499 -1 1249 capabl 0.047658
2500 -1 1249 enthusiast 0.414646
2501 -1 1249 avail 0.414646
2502 -1 1249 life 0.075323
2503 -1 1249 featur 0.045517
2504 -1 1249 capabl 0.045517
2505 -1 1249 enthusiast 0.414646
2506 -1 1249 avail 0.414646
2507 -1 1249 life 0.262563
2508 -1 1249 featur 0.071837
2509 -1 1249 capabl 0.071837
2510 -1 1249 enthusiast 0.5228
2511 -1 1249 avail 0.915235
2512 -1 1249 life 0.262563
2513 -1 1249 featur 0.071837
2514 -1 1249 capabl 0.071837
2515 -1 1249 enthusiast 0.5228
2516 -1 1249 avail 0.5228
2517 -1 1249 life 0.187133
2518 -1 1249 featur 0.047658
2519 -1 1249 capabl 0.038235
2520 -1 1249 enthusiast 0.414646
2521 -1 1249 avail 0.414646
2522 -1 1249 life 0.187133
2523 -1 1249 featur 0.047658
2524 -1 1249 capabl 0.047658
2525 -1 1249 enthusiast 0.414646
2526 -1 1249 avail 0.71027
2527 -1 1249 life 0.187133
2528 -1 1249 featur 0.047658
2529 -1 1249 capabl 0.047658
2530 -1 1249 enthusiast 0.414646
2531 -1 1249 avail 0.414646
2532 -1 1255 believ 0.158536
2533 -1 1255 best 0.823046
2534 -1 1255 non 0.881685
2535 -1 1255 believ 0.200639
2536 -1 1255 best 0.714067
2537 -1 1255 non 0.85666
2538 -1 1255 believ 0.158536
2539 -1 1255 best 0.535028
2540 -1 1255 non 0.414646
2541 1 1259 improv 0.013031
2542 -1 1259 qualiti 0.187133
2543 -1 1259 life 0.187133
2544 -1 1259 amaz 0.490927
2545 -1 1259 perform 0.187133
2546 -1 1259 improv 0.015585
2547 -1 1259 qualiti 0.187133
2548 -1 1259 life 0.187133
2549 1 1259 amaz 0.490927
2550 -1 1259 perform 0.187133
2551 1 1259 improv 0.015585
2552 -1 1259 qualiti 0.187133
2553 -1 1259 life 0.187133
2554 -1 1259 amaz 0.490927
2555 -1 1259 perform 0.187133
2556 -1 1259 improv 0.015585
2557 -1 1259 qualiti 0.187133
2558 -1 1259 life 0.187133
2559 -1 1259 amaz 0.490927
2560 -1 1259 perform 0.187133
2561 -1 1259 improv 0.015585
2562 -1 1259 qualiti 0.187133
2563 -1 1259 life 0.187133
2564 -1 1259 amaz 0.490927
2565 -1 1259 improv 0.015585
2566 -1 1259 qualiti 0.187133
2567 -1 1259 life 0.187133
2568 -1 1259 amaz 0.490927
2569 -1 1259 perform 0.187133
2570 -1 1259 improv 0.015585
2571 -1 1259 qualiti 0.187133
2572 -1 1259 life 0.187133
2573 -1 1259 amaz 0.490927
2574 -1 1259 perform 0.187133
2575 1 1259 improv 0.015585
2576 -1 1259 qualiti 0.187133
2577 -1 1259 life 0.187133
2578 -1 1259 amaz 0.490927
2579 -1 1259 perform 0.187133
2580 -1 1259 improv 0.020657
2581 -1 1259 qualiti 0.234713
2582 -1 1259 life 0.234713
2583 -1 1259 amaz 0.562315
2584 -1 1259 perform 0.234713
2585 -1 1259 improv 0.015585
2586 -1 1259 qualiti 0.128315
2587 -1 1259 life 0.187133
2588 1 1259 amaz 0.490927
2589 -1 1259 perform 0.187133
2590 -1 1259 improv 0.015585
2591 -1 1259 qualiti 0.187133
2592 -1 1259 life 0.187133
2593 -1 1259 amaz 0.490927
2594 -1 1259 perform 0.187133
2595 -1 1259 improv 0.015585
2596 -1 1259 qualiti 0.187133
2597 -1 1259 life 0.187133
2598 -1 1259 amaz 0.490927
2599 1 1261 better 0.481763
2600 -1 1261 believ 0.225638
2601 1 1261 better 0.273935
2602 1 1261 better 0.37542
2603 -1 1261 believ 0.158536
2604 1 1261 better 0.196107
2605 1 1261 better 0.37542
2606 -1 1261 believ 0.158536
2607 1 1261 better 0.196107
2608 -1 1263 best 0.823046
2609 -1 1263 price 0.187133
2610 1 1263 best 0.823046
2611 -1 1263 price 0.187133
2612 -1 1263 best 0.714067
2613 -1 1263 price 0.234713
2614 1 1263 best 0.652118
2615 -1 1263 price 0.187133
2616 1 1269 better 0.196107
2617 1 1269 better 0.196107
2618 -1 1269 better 0.196107
2619 -1 1269 better 0.196107
2620 -1 1271 fairli 0.25357
2621 -1 1271 look 0.066049
2622 -1 1271 slow 0.414646
2623 -1 1271 strap 0.187133
2624 -1 1271 fairli 0.25357
2625 -1 1271 look 0.066049
2626 -1 1271 slow 0.414646
2627 -1 1271 strap 0.187133
2628 -1 1271 fairli 0.344432
2629 -1 1271 look 0.098592
2630 1 1271 slow 0.5228
2631 -1 1271 strap 0.262563
2632 -1 1271 fairli 0.25357
2633 -1 1271 look 0.066049
2634 -1 1271 slow 0.414646
2635 -1 1271 strap 0.187133
2636 -1 1273 shortcom 0.047658
2637 1 1273 best 0.823046
2638 -1 1273 avail 0.910274
2639 -1 1273 shortcom 0.062503
2640 1 1273 best 0.714067
2641 -1 1273 avail 0.890545
2642 -1 1275 less 0.167226
2643 1 1275 great 0.881685
2644 -1 1275 less 0.297007
2645 -1 1275 great 0.598455
2646 1 1277 great 0.881685
2647 -1 1279 qualiti 0.187133
2648 1 1279 proven 0.16678
2649 -1 1279 qualiti 0.128315
2650 -1 1279 proven 0.16678
2651 -1 1281 solid 0.490927
2652 -1 1283 heavi 0.490927
2653 -1 1283 great 0.414646
2654 -1 1283 pro 0.047658
2655 -1 1283 semi 0.047658
2656 1 1283 heavi 0.490927
2657 1 1283 great 0.881685
2658 -1 1283 pro 0.047658
2659 -1 1283 semi 0.047658
